w=2
0.5859563492063491   0.045765541186795336   0.08327425954054285   0.6969571428571426
0.6020724937257451   0.0859830710080614   0.14770990538389261   0.6978079587079584
0.6183391083455072   0.11856735379249815   0.19621213613375213   0.6978079587079584
0.6249257308234022   0.14509330450935204   0.2327908933038757   0.6978079587079584
0.6339074604941984   0.16790879311857423   0.2627956845946365   0.6978079587079584
w=5
0.5817563492063489   0.045452322057826774   0.0827029042127247   0.6950230158730155
0.5956724937257449   0.08527528289506424   0.14644162318882317   0.6953435286935282
0.6090724416788408   0.11714002420089122   0.19376585297730547   0.6953435286935282
0.6179757308234023   0.14386489682838363   0.23071355198030385   0.6953435286935282
0.6285074604941985   0.1667313030616774   0.2608675118774457   0.6953435286935282
w=10
0.5689563492063495   0.04478685859392107   0.08144458478613581   0.6993507936507934
0.5922724937257443   0.08496851529002351   0.14588026305843693   0.699840304140304
0.6064057750121742   0.1167618415880374   0.1931005437358203   0.699840304140304
0.6166257308234024   0.1436016772226531   0.23027750955300547   0.699840304140304
0.627067460494198   0.1664515160160611   0.2603993777485148   0.699840304140304
w=15
0.5635563492063496   0.04442155171201037   0.08077218380303976   0.6996444444444442
0.5899724937257441   0.084668789384423   0.14535686065160727   0.7001188034188033
0.6063391083455072   0.1167991573579903   0.19315548107932012   0.7001188034188033
0.6163257308234025   0.14358636701164418   0.2302410847473528   0.7001188034188033
0.6275474604941983   0.1665939358772693   0.260617621414366   0.7001188034188033