w=2
0.06319444444444439   0.04271771872974897   0.050367571670296145   0.17544642857142856
0.06145833333333328   0.08149675610499901   0.06923816474027122   0.19368637543060266
0.05601851851851848   0.11167823519563057   0.07376166992983753   0.19752710387590383
0.051562500000000025   0.13690758431881356   0.07413888688394674   0.19832236713933346
0.04694444444444433   0.1557245362459797   0.07146375002043351   0.19970805455736973
w=5
0.06527777777777771   0.043259230040255385   0.051376405033918576   0.18202160493827158
0.057986111111111044   0.0771222032961712   0.0653924629053408   0.19797307952219576
0.05416666666666663   0.1079392930375708   0.07128582011273753   0.20142796168485946
0.050520833333333355   0.13396308475973065   0.07259980469112895   0.20357541554115954
0.04652777777777768   0.1543967223568913   0.0708366747419073   0.20419986657321929
w=10
0.06458333333333326   0.04288234317439794   0.0509036078903698   0.18144290123456788
0.0586805555555555   0.07849670984504369   0.06635694181468992   0.19698888647305177
0.052314814814814786   0.10420395977921122   0.06882771583593712   0.20075367798402233
0.04913194444444445   0.13006728301186687   0.07055895528478086   0.20216898161286764
0.04680555555555546   0.1547294914396604   0.07120225506772968   0.2034415344461057
w=15
0.06458333333333327   0.04291881609690027   0.0509283388178785   0.18252590388007056
0.05763888888888883   0.07725089456736565   0.06522072498816736   0.19797422798745032
0.05208333333333331   0.10366492837717672   0.06849999770806703   0.20204342125053626
0.04895833333333335   0.1296398016560767   0.07031460221334239   0.2036361827238124
0.04708333333333325   0.15559825666530966   0.07161392004594044   0.20471974009457217