w=2
0.2865543650793648   0.33396589004566357   0.2919156535044695   0.6119232142857144
0.23723283715553398   0.47345693128229766   0.30419507509694127   0.6142944851179948
0.2142942617717868   0.5290061794407308   0.29505110724040207   0.6143805099627152
0.20591991655175557   0.5469504105533441   0.2893701443904563   0.6143805099627152
0.2036702033772358   0.5518674817086449   0.2876025666495629   0.6143927050846665
w=5
0.2933043650793647   0.3409780872545171   0.29852252932649787   0.6184279761904765
0.24118283715553415   0.4805562476894619   0.3091396545818039   0.6206206970918656
0.21509426177178675   0.5305295582010031   0.29606920915498264   0.6206630251341937
0.20629491655175558   0.547800551849391   0.2898925590544375   0.6206630251341937
0.2037402033772358   0.5520689079525546   0.2877090973499653   0.6206749298960983
w=10
0.2985543650793648   0.346415518507276   0.3035721368102738   0.6225218253968254
0.24153283715553397   0.480693922166059   0.3094505440322049   0.6246410640507586
0.21572759510512005   0.5315962449301173   0.2968610982607515   0.6246886830983776
0.20636991655175563   0.5477972610792532   0.2899718768564393   0.6247025719872664
0.2038302033772358   0.5523479657318392   0.2878412654702589   0.6247025719872664
w=15
0.3003043650793647   0.3484319525599543   0.3054284782423541   0.6212341269841269
0.24275783715553395   0.4823997007641506   0.3108709432814038   0.6232445143800986
0.21602759510511993   0.5321360234810051   0.2972539958011865   0.6233113641969483
0.20644491655175562   0.5480434873984015   0.2900852762373593   0.6233265157120998
0.20384020337723585   0.5523874388875223   0.28785913685981096   0.6233265157120998